path,line
analyse.c,1878
analyse.c,1879
analyse.c,1880
analyse.c,1881
analyse.c,1887
analyse.c,3005
analyse.c,3006
base.c,1129
base.c,1130
base.c,1134
base.c,1139
base.c,1140
base.c,1141
deblock.c,203
deblock.c,204
deblock.c,212
deblock.c,213
deblock.c,223
deblock.c,226
deblock.c,233
deblock.c,234
deblock.c,235
deblock.c,237
deblock.c,238
deblock.c,239
deblock.c,255
deblock.c,259
deblock.c,265
deblock.c,266
deblock.c,267
deblock.c,269
deblock.c,270
deblock.c,271
deblock.c,335
deblock.c,379
deblock.c,380
deblock.c,381
deblock.c,382
deblock.c,383
deblock.c,384
deblock.c,385
deblock.c,386
deblock.c,387
deblock.c,388
deblock.c,389
deblock.c,390
deblock.c,585
deblock.c,586
deblock.c,587
deblock.c,606
encoder.c,206
encoder.c,207
encoder.c,208
encoder.c,359
encoder.c,360
encoder.c,361
encoder.c,362
encoder.c,2457
encoder.c,2458
encoder.c,2998
frame.h,240
macroblock.c,461
macroblock.c,462
macroblock.c,463
macroblock.c,464
macroblock.c,465
macroblock.c,466
macroblock.c,467
macroblock.c,468
macroblock.c,469
macroblock.c,470
macroblock.c,471
macroblock.c,472
macroblock.c,473
macroblock.c,1302
macroblock.c,1303
macroblock.c,1304
macroblock.c,1305
macroblock.c,1306
macroblock.c,1443
macroblock.c,1444
macroblock.c,1445
macroblock.c,1446
macroblock.c,1447
macroblock.c,1448
macroblock.c,1455
macroblock.c,1456
macroblock.c,1457
macroblock.c,1458
macroblock.c,1459
macroblock.c,1460
macroblock.c,1461
macroblock.c,1462
macroblock.c,1463
macroblock.c,1576
macroblock.c,1577
macroblock.c,1578
macroblock.c,1579
macroblock.c,1580
macroblock.c,1581
macroblock.c,1582
macroblock.c,1588
macroblock.c,1589
macroblock.c,1590
macroblock.c,1591
macroblock.c,1592
macroblock.c,1594
macroblock.c,1595
macroblock.c,1596
macroblock.c,1597
macroblock.c,1598
macroblock.c,1602
macroblock.c,1603
macroblock.c,1604
macroblock.c,1605
macroblock.c,1606
macroblock.c,1607
macroblock.c,1608
macroblock.c,1609
macroblock.c,1610
macroblock.c,1611
macroblock.c,1612
macroblock.c,1613
macroblock.c,1614
me.c,1153
me.c,1154
me.c,1155
me.c,1156
me.c,1157
me.c,1158
me.c,1159
me.c,1160
me.c,1161
,216
